8.538978300648970149e-03
2.062518651795870045e-03
-8.584192881978563354e-04
-3.394104149353315957e-04
1.308356046675810780e-04
-1.303264792907632722e-04
-1.303216043252440365e-04
-1.304095105254302034e-04
1.305181222727804012e-04
1.306279967019807091e-04
1.307329536765849357e-04
1.308309311070322346e-04
1.309212219407036783e-04
1.310034643961918634e-04
1.310771601966485682e-04
1.311412728914020586e-04
1.311935482051087112e-04
1.312286955989467674e-04
1.312314837271601794e-04
1.311315873394531574e-04
1.282323182007387766e-04
1.316883254892643696e-04
1.315581510674286299e-04
1.315075886963421351e-04
1.314515355080490497e-04
1.313567957186842017e-04
1.311788547798940253e-04
1.308108020017552929e-04
1.298537752591400927e-04
1.241479835615698791e-04
1.378485281800590552e-04
1.345172627362550746e-04
1.339369711693820010e-04
1.339048640558494231e-04
1.346454696571158468e-04
-1.302397182218157452e-04
-1.324162871400714049e-04
-1.327220648788479207e-04
-1.328706077113408514e-04
-1.329938913053124662e-04
-1.331587312988566233e-04
-1.336430216014208958e-04
-1.314422382396384997e-04
-1.325736775938637013e-04
-1.327447087982600634e-04
-1.328185757493695004e-04
-1.328600518814668674e-04
-1.328865536300920214e-04
-1.329103729376631727e-04
-1.329778065943782817e-04
-1.321867457434753386e-04
-1.326485495740334386e-04
1.326241681076665093e-04
1.325411879438364280e-04
1.323865776115009361e-04
1.318053881967427658e-04
1.326565573482861604e-04
1.322667451969386856e-04
1.319965270500799857e-04
1.317006508771990914e-04
1.313476183015329941e-04
1.309162549810519703e-04
1.303894845692524685e-04
1.297818570448382928e-04
1.288339560664334511e-04
1.311379642200893262e-04
-1.215304813676529560e-04
-1.190206200177635259e-04
-1.120903849176191873e-04
-9.362477496448851988e-05
-1.822570212455709899e-05
2.221199948320977825e-04
1.683594902380892782e-04
1.556600506181235000e-04
1.431366300352718984e-04
1.526728637351709153e-04
1.492746374710064770e-04
-1.351912570390027130e-04
-1.479024392351550507e-04
-1.472803966548964956e-04
-1.470340742310810415e-04
-1.468070786219323888e-04
-1.472037152159510727e-04
-1.474638231351845733e-04
-1.478970536593501807e-04
