8.538978300648966679e-03
2.062518651795939000e-03
-8.584192882087867196e-04
-3.394104570221750461e-04
1.320464546915965784e-04
-1.319539058611277017e-04
-1.321801844468837358e-04
-1.323908492200676101e-04
1.325705270303855735e-04
1.327244860760865518e-04
1.328581958626473298e-04
1.329755836846233867e-04
1.330792486374139931e-04
1.331707521549025709e-04
1.332507466801310686e-04
1.333188668432389262e-04
1.333731642985289904e-04
1.334082196722904837e-04
1.334076442800629671e-04
1.332946130092366351e-04
1.301252335570548591e-04
1.338952572144722194e-04
1.337525107487840892e-04
1.336962622521263892e-04
1.336355300445983584e-04
1.335353881365237906e-04
1.333497851664119493e-04
1.329686023239793128e-04
1.319812477370749498e-04
1.261023967992549728e-04
1.401956441556429921e-04
1.367697942071653021e-04
1.361700892593669797e-04
1.361329705271817228e-04
1.368850846959074341e-04
-1.323892306544879503e-04
-1.346067862834549088e-04
-1.349164779697659329e-04
-1.350658749884350277e-04
-1.351894544765416557e-04
-1.353550454188381588e-04
-1.358440068499847271e-04
-1.336148414517939560e-04
-1.347590842419919377e-04
-1.349310745459598993e-04
-1.350047571190463144e-04
-1.350457076717399526e-04
-1.350715542825829479e-04
-1.350947096285496523e-04
-1.351617971652783567e-04
-1.343648250356652368e-04
-1.348289823850945817e-04
1.348038706671593717e-04
1.347199134183672787e-04
1.345641026251335646e-04
1.339802099905070128e-04
1.348340702578238544e-04
1.344425023064677396e-04
1.341711529356412426e-04
1.338742949689197858e-04
1.335203982790926036e-04
1.330883267611494261e-04
1.325610899755768550e-04
1.319533767014390328e-04
1.310060485321423880e-04
1.333079161095137319e-04
-1.237145046741510498e-04
-1.212195107565635006e-04
-1.143350913728544550e-04
-9.608762056842412526e-05
-2.067186540421583722e-05
2.257917406516331846e-04
1.707732746295022037e-04
1.579366303374777844e-04
1.453548711854104778e-04
1.549024656563720249e-04
1.514899945744994578e-04
-1.373957295652229673e-04
-1.501021862885290300e-04
-1.494759105625300679e-04
-1.492256107682933173e-04
-1.489962744442383934e-04
-1.493868156358074250e-04
-1.496429459176709480e-04
-1.500717724386340724e-04
